ts-MacBook-Pro:homework2 gushuqin$ java question2
which year are you looking for?2017
what day the first of January fell on?0
    January  2017
  S  M  Tu W  Th F Sa
  1  2  3  4  5  6  7
  8  9 10 11 12 13 14
 15 16 17 18 19 20 21
 22 23 24 25 26 27 28
 29 30 31
    February  2017
  S  M  Tu W  Th F Sa
           1  2  3  4
  5  6  7  8  9 10 11
 12 13 14 15 16 17 18
 19 20 21 22 23 24 25
 26 27 28
    March  2017
  S  M  Tu W  Th F Sa
           1  2  3  4
  5  6  7  8  9 10 11
 12 13 14 15 16 17 18
 19 20 21 22 23 24 25
 26 27 28 29 30 31
    April  2017
  S  M  Tu W  Th F Sa
                    1
  2  3  4  5  6  7  8
  9 10 11 12 13 14 15
 16 17 18 19 20 21 22
 23 24 25 26 27 28 29
 30
    May  2017
  S  M  Tu W  Th F Sa
     1  2  3  4  5  6
  7  8  9 10 11 12 13
 14 15 16 17 18 19 20
 21 22 23 24 25 26 27
 28 29 30 31
    June  2017
  S  M  Tu W  Th F Sa
              1  2  3
  4  5  6  7  8  9 10
 11 12 13 14 15 16 17
 18 19 20 21 22 23 24
 25 26 27 28 29 30
    July  2017
  S  M  Tu W  Th F Sa
                    1
  2  3  4  5  6  7  8
  9 10 11 12 13 14 15
 16 17 18 19 20 21 22
 23 24 25 26 27 28 29
 30 31
    August  2017
  S  M  Tu W  Th F Sa
        1  2  3  4  5
  6  7  8  9 10 11 12
 13 14 15 16 17 18 19
 20 21 22 23 24 25 26
 27 28 29 30 31
    September  2017
  S  M  Tu W  Th F Sa
                 1  2
  3  4  5  6  7  8  9
 10 11 12 13 14 15 16
 17 18 19 20 21 22 23
 24 25 26 27 28 29 30

    October  2017
  S  M  Tu W  Th F Sa
  1  2  3  4  5  6  7
  8  9 10 11 12 13 14
 15 16 17 18 19 20 21
 22 23 24 25 26 27 28
 29 30 31
    November  2017
  S  M  Tu W  Th F Sa
           1  2  3  4
  5  6  7  8  9 10 11
 12 13 14 15 16 17 18
 19 20 21 22 23 24 25
 26 27 28 29 30
    December  2017
  S  M  Tu W  Th F Sa
                 1  2
  3  4  5  6  7  8  9
 10 11 12 13 14 15 16
 17 18 19 20 21 22 23
 24 25 26 27 28 29 30
 31
tests-MacBook-Pro:homework2 gushuqin$ java question2
which year are you looking for?2016
what day the first of January fell on?5
    January  2016
  S  M  Tu W  Th F Sa
                 1  2
  3  4  5  6  7  8  9
 10 11 12 13 14 15 16
 17 18 19 20 21 22 23
 24 25 26 27 28 29 30
 31
    February  2016
  S  M  Tu W  Th F Sa
     1  2  3  4  5  6
  7  8  9 10 11 12 13
 14 15 16 17 18 19 20
 21 22 23 24 25 26 27
 28 29
    March  2016
  S  M  Tu W  Th F Sa
        1  2  3  4  5
  6  7  8  9 10 11 12
 13 14 15 16 17 18 19
 20 21 22 23 24 25 26
 27 28 29 30 31
    April  2016
  S  M  Tu W  Th F Sa
                 1  2
  3  4  5  6  7  8  9
 10 11 12 13 14 15 16
 17 18 19 20 21 22 23
 24 25 26 27 28 29 30

    May  2016
  S  M  Tu W  Th F Sa
  1  2  3  4  5  6  7
  8  9 10 11 12 13 14
 15 16 17 18 19 20 21
 22 23 24 25 26 27 28
 29 30 31
    June  2016
  S  M  Tu W  Th F Sa
           1  2  3  4
  5  6  7  8  9 10 11
 12 13 14 15 16 17 18
 19 20 21 22 23 24 25
 26 27 28 29 30
    July  2016
  S  M  Tu W  Th F Sa
                 1  2
  3  4  5  6  7  8  9
 10 11 12 13 14 15 16
 17 18 19 20 21 22 23
 24 25 26 27 28 29 30
 31
    August  2016
  S  M  Tu W  Th F Sa
     1  2  3  4  5  6
  7  8  9 10 11 12 13
 14 15 16 17 18 19 20
 21 22 23 24 25 26 27
 28 29 30 31
    September  2016
  S  M  Tu W  Th F Sa
              1  2  3
  4  5  6  7  8  9 10
 11 12 13 14 15 16 17
 18 19 20 21 22 23 24
 25 26 27 28 29 30
    October  2016
  S  M  Tu W  Th F Sa
                    1
  2  3  4  5  6  7  8
  9 10 11 12 13 14 15
 16 17 18 19 20 21 22
 23 24 25 26 27 28 29
 30 31
    November  2016
  S  M  Tu W  Th F Sa
        1  2  3  4  5
  6  7  8  9 10 11 12
 13 14 15 16 17 18 19
 20 21 22 23 24 25 26
 27 28 29 30
    December  2016
  S  M  Tu W  Th F Sa
              1  2  3
  4  5  6  7  8  9 10
 11 12 13 14 15 16 17
 18 19 20 21 22 23 24
 25 26 27 28 29 30 31

